No excitation charge
1 3.21141725 -1.010316
2 3.21658033 -0.830849
3 3.37884154 -0.965122
4 3.46276680 -0.864863
30 3.20846174 -0.907067
32 3.27993105 -0.866533
38 3.15906475 -1.085205
41 3.21218366 -0.910148
42 3.31826890 -0.844937
43 3.13747673 -0.786472
45 3.29919362 -0.885702
48 3.24790806 -1.143116
50 3.30448139 -1.125403
53 3.14969546 -0.770457
56 3.23991183 -0.929466
58 2.99625383 -1.077524
59 3.34340124 -0.876006
60 3.31223485 -1.104533
62 3.23824061 -0.822024
65 3.13763677 -0.936115
67 3.25425697 -0.927508
68 3.26939981 -0.957318
69 3.19333736 -0.872894
72 3.12718241 -0.847586
73 3.19563929 -1.085082
74 3.44392582 -0.941519
75 3.16049588 -0.91441
77 3.27612618 -0.960758
78 3.21963588 -0.843626
81 3.18432505 -0.925724
82 3.23187618 -0.694868
83 3.30351705 -1.029539
85 3.01911298 -1.130426
88 3.18706454 -0.965486
89 3.30906868 -1.073336
93 3.05908024 -0.895921
94 3.27457207 -0.963654
96 3.41934406 -0.923085
97 3.05768329 -0.709432
99 3.20861621 -0.935728
104 3.20049283 -0.887074
106 3.39425817 -1.103228
108 3.26917910 -0.987116
110 3.36569139 -0.951092
114 3.27058203 -0.79159
116 3.30871334 -0.861708
117 3.45993022 -0.818122
118 3.17124984 -0.816949
119 3.31909523 -1.112165
120 3.50954185 -1.045019
123 3.15302607 -0.899898
124 3.14218789 -0.834481
125 3.15981036 -0.888445
129 3.10793109 -0.900123
131 3.43504351 -1.025987
132 3.24141437 -1.105986
134 3.34707012 -0.923527
136 3.32081611 -0.994473
138 3.20420168 -0.973273
139 3.05198553 -0.8683
141 3.20037703 -1.044735
142 3.22567517 -0.920988
143 3.25979816 -0.969642
145 3.22466944 -0.937856
146 3.21552207 -0.847081
149 3.24792246 -1.136904
152 3.24044290 -1.023502
155 3.09077949 -0.994447
156 3.11257804 -0.980792
157 3.21896582 -1.061836
158 3.26184000 -0.957209
160 3.23123786 -0.863174
161 3.11887036 -0.771418
162 3.22498659 -1.154289
163 3.03691362 -1.014212
164 3.37190828 -1.030547
165 3.26001467 -0.826285
166 3.29902122 -0.839354
167 3.16073879 -0.892541
169 3.36169694 -1.002535
170 3.28583996 -1.078194
171 3.27889697 -1.046304
172 3.23070693 -1.032935
173 3.20780152 -0.946741
174 3.21295212 -0.890915
178 3.12002737 -1.06421
179 3.23026640 -0.825754
183 3.36307104 -0.818006
184 3.30420838 -0.919709
185 3.21339097 -0.820599
186 3.21117420 -0.939123
187 3.09122761 -0.712259
188 3.26532408 -0.936694
189 3.25653940 -1.151907
191 3.18116736 -1.003918
193 3.26287757 -0.834717
194 3.25889619 -0.921815
195 3.21520175 -1.000772
196 3.28046198 -0.881142
197 3.47874036 -0.897397
198 3.23593731 -0.823495
199 3.16551467 -0.84928
201 3.28872938 -1.017475
202 3.11518652 -0.909716
203 3.20454566 -1.078446
204 3.42432209 -1.198722
205 3.15310478 -1.004961
208 3.14877413 -0.884358
210 3.32509171 -1.054801
212 3.27042026 -0.626405
216 3.22603616 -0.998701
217 3.25206921 -0.928734
220 3.26234612 -0.90454
222 3.25369343 -0.798903
223 3.24518282 -0.891742
224 3.23575865 -1.108238
227 3.38089675 -1.194337
228 3.38877431 -0.953568
232 3.31039887 -0.982688
234 3.28345128 -0.983701
235 3.35588087 -1.296173
238 3.32014976 -0.906941
239 3.39992995 -1.106384
242 3.18709453 -0.909305
244 3.43792593 -1.049424
245 3.25836928 -0.951952
246 3.35029731 -1.005515
252 3.15362792 -0.932408
253 2.96910267 -0.832598
255 3.36354240 -0.934134
262 3.33500074 -0.994344
264 3.34538831 -0.960879
265 3.28359523 -0.784314
266 3.13734285 -0.932127
267 3.05135041 -0.958628
268 3.17091287 -1.043724
271 3.12494124 -0.841848
272 3.20159987 -1.111014
276 3.27693552 -1.068784
277 3.17324428 -1.015537
278 3.15193913 -0.782442
279 3.22409407 -1.072965
280 3.30245051 -1.043104
281 3.36261630 -1.033556
282 3.35809568 -1.095069
283 3.25683245 -0.712236
285 3.16549496 -0.906027
287 3.28994245 -0.964367
288 3.22762415 -0.752066
289 3.14760526 -1.031383
290 3.34740806 -0.879775
293 3.26601297 -0.797676
294 3.30177154 -0.866526
295 3.23136589 -1.356953
297 3.43189288 -1.186928
298 3.31816619 -0.955953
302 3.26115410 -0.830165
303 3.29428907 -0.883552
307 3.31251015 -0.947377
308 3.37186522 -1.033163
309 3.28750467 -0.928749
313 3.27945749 -0.924458
316 3.36515748 -1.030134
317 3.09005077 -0.721934
319 3.31472016 -0.929257
320 3.37350764 -1.099526
322 3.16122374 -0.768735
325 3.22728637 -1.073446
326 3.52563128 -1.120507
327 3.19440114 -0.833108
330 3.26922402 -1.028166
331 3.26518122 -1.205039
333 3.31428044 -0.83744
334 3.45931241 -1.144179
339 3.17213284 -0.91573
342 3.33323621 -1.032234
343 3.14354639 -0.835514
345 3.27093584 -1.098038
347 3.29419036 -1.051599
348 3.37607165 -0.998694
349 3.30272891 -0.888263
351 3.07265782 -0.819159
353 3.31231657 -1.00581
356 3.29092040 -0.904103
357 3.15638688 -0.759791
358 3.31112692 -0.961635
359 3.27312725 -0.911748
360 3.30620356 -0.929923
363 3.33376451 -0.931747
364 3.28870316 -0.901543
365 3.34826412 -0.958648
374 3.17081034 -0.836007
375 3.35097150 -0.993375
376 3.28011693 -1.005905
378 3.23286615 -0.893174
379 3.38159753 -1.021757
380 3.30448848 -0.926705
384 3.14842715 -0.847459
387 3.27095982 -0.957272
388 3.27839317 -0.990432
390 3.37978068 -1.260591
391 3.19932839 -1.013291
396 3.25985640 -0.882985
397 3.37582396 -0.930171
404 3.34976134 -1.004594
405 3.22393855 -0.942404
407 3.14870711 -0.921207
409 3.45003017 -0.897502
411 3.18025620 -0.786765
412 3.24373292 -0.846803
413 3.37119190 -1.006041
414 3.34495538 -1.114007
415 3.23656281 -0.846554
416 3.18804010 -1.029686
417 3.23844011 -1.093483
419 3.41243710 -0.952901
421 3.48638086 -0.974142
427 3.29028393 -1.152767
428 3.24376595 -1.026862
429 3.22543342 -0.931565
430 3.26582005 -1.089962
431 3.46758411 -0.900496
432 3.19962265 -0.952581
437 3.25489287 -0.982632
439 3.32042131 -0.764328
444 3.40591979 -1.100794
446 3.07800018 -0.874987
450 3.35962406 -0.816028
451 3.36027025 -1.073459
453 3.16427288 -0.924301
455 3.19411302 -0.924141
456 3.24139541 -1.008079
457 3.26580029 -0.937651
458 3.13983188 -1.150086
460 3.17138658 -1.035662
463 3.36313147 -0.759827
465 3.23081615 -0.895588
466 3.39650017 -1.034684
468 3.13275069 -0.75826
469 3.33974188 -0.888968
470 3.28749190 -0.978818
471 3.33482581 -1.040948
472 3.23618173 -0.892558
473 3.23840210 -0.940215
474 3.11797501 -0.891143
475 3.35150287 -1.060341
478 3.11669218 -0.889351
483 3.33374663 -0.967787
486 3.21717603 -1.088974
487 3.08042290 -0.767282
490 3.27217282 -0.969184
491 3.27200561 -0.888915
492 3.04741205 -0.885448
494 3.02377985 -0.937711
496 3.45491737 -0.99017
497 3.09277429 -0.833977
498 3.37944070 -0.911749
500 3.36704405 -1.114506
