No excitation charge
1 3.08575493 -0.65574
2 3.23580240 -0.77232
3 3.09636640 -0.688776
4 3.04275119 -0.774935
5 3.14503052 -0.675537
6 3.10643512 -0.622986
7 3.06608306 -0.695714
9 3.12853514 -0.728603
10 3.27292390 -0.838646
11 3.14224642 -0.755892
12 3.25274560 -1.05925
13 3.22876532 -0.743107
14 3.14370480 -0.872582
15 3.37388193 -0.93694
16 3.18409365 -0.874572
17 3.27624077 -0.942792
18 3.16756037 -0.794553
19 3.12955538 -0.731706
20 3.06518115 -0.716411
21 3.17853207 -0.735787
23 3.13058133 -0.755121
24 3.09665421 -0.677544
25 3.16264712 -0.602018
26 3.18020449 -0.766967
27 3.25782088 -0.835739
28 3.25041981 -0.835682
29 3.15887122 -0.779184
30 3.17186392 -0.75085
31 3.08568313 -0.877818
32 3.15905098 -0.731221
33 3.15246188 -0.706523
34 3.35458821 -0.9407
35 3.42403599 -0.825688
36 3.13748374 -0.652268
37 3.30724528 -0.761436
38 3.22135458 -0.928625
39 3.26129548 -0.745974
40 3.15605533 -0.745861
41 3.13499016 -0.747739
42 3.33868065 -0.769478
43 3.04725817 -0.714451
44 3.01784208 -0.934211
45 3.25317220 -0.718819
46 3.19512651 -0.648055
47 3.13039205 -0.761303
48 3.12506647 -0.739788
49 3.17856088 -0.887419
50 3.29989479 -0.660522
51 3.24961168 -0.69075
52 3.45191078 -0.80988
53 3.36155386 -1.017689
54 3.13933688 -0.751348
55 3.14572342 -0.679589
56 3.21034822 -0.617355
57 3.30438177 -0.921398
58 3.27264187 -0.89402
59 3.09169192 -0.761241
60 3.27187055 -0.762025
61 3.17066194 -0.794413
63 3.21862701 -0.82783
64 3.14282032 -0.741311
65 3.24903457 -0.898832
66 3.16111039 -0.804918
67 3.28536845 -0.986849
68 3.12537502 -0.721899
69 3.31313442 -0.75873
70 3.16305641 -0.739343
71 3.08232888 -0.661797
72 3.26156298 -0.972528
73 3.16544723 -0.78911
74 3.24529902 -0.869678
75 3.32843116 -0.63186
76 3.40379719 -0.799132
77 3.27522835 -0.829951
78 3.14698318 -0.810961
79 3.21307771 -0.743762
80 3.27456410 -0.842873
81 3.10752970 -0.752927
82 3.28781949 -0.82737
83 3.18009709 -0.908102
84 3.27307747 -0.787436
85 3.25285197 -0.631756
86 3.13841072 -0.74787
87 3.18718665 -0.818296
88 3.01303649 -0.745803
89 3.19450268 -0.781614
90 3.20075949 -0.819469
91 3.34951275 -0.910708
92 3.32443995 -0.81013
93 3.32437997 -0.770161
94 3.25313126 -0.844413
95 3.27690090 -0.588061
96 3.24752644 -0.813334
97 3.17808113 -0.735825
98 3.07462827 -0.604785
99 3.31174353 -0.683723
100 3.16254508 -0.800546
101 3.40039218 -0.927418
102 3.23079746 -0.817339
103 3.27634457 -0.732796
104 3.30751862 -0.938463
105 3.22433341 -0.705604
106 3.04919997 -0.697877
107 3.24806640 -0.610487
108 3.15758153 -0.748967
109 3.09188378 -0.654884
110 3.20996928 -0.790158
111 3.19922614 -0.955408
112 3.10088331 -0.674594
114 3.23742981 -0.985078
115 3.16143334 -0.711625
116 3.11602560 -0.67794
117 3.14465563 -0.667407
118 3.28980809 -0.755902
119 3.23221915 -0.816132
120 3.28479851 -0.766235
121 3.28495971 -0.787991
122 3.40183774 -0.804753
123 3.27350710 -0.799654
124 3.13610795 -0.697774
125 3.26601231 -0.749167
126 3.26285085 -0.895776
127 3.20141448 -0.82945
128 3.23858662 -0.797473
129 3.44346211 -0.823752
130 3.20684777 -0.771741
132 3.18083137 -0.739758
133 3.18338418 -0.918198
134 3.18328070 -0.675826
135 3.27788861 -0.778147
136 3.14546192 -0.828114
137 3.18564165 -0.769844
138 3.08944307 -0.70892
139 3.24245592 -0.742629
141 3.24618436 -0.656194
143 3.31281012 -0.773765
145 3.10694253 -0.651266
146 3.28924030 -0.649038
147 3.36937590 -0.760612
148 3.35606602 -0.736745
149 3.28126831 -0.774383
150 3.20559334 -0.859416
151 3.32911470 -0.822471
152 3.22070317 -0.87659
153 3.42233129 -0.87432
154 3.47156791 -0.981343
155 3.19061180 -0.637318
156 3.34010912 -0.711109
157 3.20108499 -0.694796
158 3.44057050 -0.74289
159 3.11728079 -0.824343
160 3.35453324 -0.844857
161 3.36238159 -0.714964
162 3.24055320 -0.696182
163 3.34717084 -0.971727
164 3.15067659 -0.842398
165 3.43984635 -0.711603
166 3.29843693 -0.667487
167 3.13321361 -0.760161
168 3.25283075 -0.768472
169 3.20616237 -0.547075
170 3.30467330 -0.801643
172 3.36280488 -0.803532
173 3.17587096 -0.609903
174 3.26835222 -0.734098
175 3.27226632 -0.968273
176 3.34335161 -1.008859
177 3.05307425 -0.794291
178 3.16346868 -0.920204
179 3.02551693 -0.807944
180 3.21436587 -0.769389
181 3.18659031 -0.607363
182 3.04911294 -0.795059
183 3.15132778 -0.923718
184 3.20784744 -0.774867
185 3.29284872 -0.674255
186 3.20225352 -0.752363
187 3.22830467 -0.91376
188 3.11973268 -0.605907
189 2.97295915 -0.70542
190 3.23746041 -0.832899
191 3.12287244 -0.71093
192 3.26649831 -0.808165
193 3.26555284 -0.766677
194 3.23972752 -0.834408
195 3.32594930 -0.884248
196 3.25735583 -0.789347
197 3.12661529 -0.811116
198 3.13579966 -0.857182
199 3.18850699 -0.908878
200 3.35894409 -0.710487
201 3.07562274 -0.718091
202 3.17978689 -0.870343
203 3.19384488 -0.780811
204 3.25201225 -0.736801
205 3.13471793 -0.667245
206 3.18896579 -0.823671
207 3.36096368 -0.846918
210 3.24373805 -0.954127
212 3.31784028 -0.889737
213 3.28901082 -0.993691
214 3.28576415 -0.57673
216 3.27857393 -0.644304
217 3.28140984 -0.675003
